-11203620
-18397407
-27960639
-35663739
-51213139
-54319112
-61040707
-65818135
-75949255
-77778287
-89017304
-89218664
-90903207
-93121640
-104545864
-106660295
-109909943
-123482119
-123779560
-126740891
-129063459
-130370807
-134005207
-145367147
-150535579
-150679519
-150752699
-156145931
-164995035
-165570488
-167094823
-176386616
-181738571
-182240771
-186243704
-187160831
-190572839
-194080808
-199674799
-202331347
-203145767
-203437103
-204909944
-205996583
-207666763
-209149784
-212229543
-216770467
-225826216
-226373428
-231112315
-239452895
-242963687
-246238555
-247127879
-248046051
-249407767
-252735992
-253425979
-256232447
-261286872
-272394484
-280557591
-282198803
-285889891
-294897647
-300240404
-308728199
-311069163
-312163691
-313065188
-330727336
-334692215
-342156463
-343576036
-344438804
-345369167
-348003156
-351044647
-360803647
-364780660
-368523908
-416349256
-417286132
-429818367
-433597399
-434084164
-439073371
-443585299
-444408443
-448376516
-467347512
-469835647
-480094015
-480642151
-482644063
-498607924
-501070231
-506335479
-508163803
-509504379
-512578628
-516168299
-520957412
-522401819
-527734248
-541579031
-545873304
-558181271
-568232120
-573379016
-578286527
-583175288
-587516655
-587585540
-600487131
-611642824
-614889363
-617556791
-618229927
-638094767
-648249064
-648716003
-652187816
-654932024
-659084579
-663884564
-671772331
-672002387
-684312527
-690429160
-694030820
-694740327
-703985192
-716214548
-716545112
-717538411
-719003311
-720658367
-729506291
-730579195
-736568551
-747498712
-747906091
-752704467
-753660888
-758811723
-770289259
-781922404
-792236011
-818819903
-822797303
-823763252
-829075271
-832956936
-834867768
-835199035
-837148756
-839189588
-847946303
-848798407
-856365643
-859104103
-860862356
-860938607
-863732452
-864855431
-865276015
-865288212
-865931992
-873927415
-876422059
-880112408
-880342436
-881852344
-882321235
-884383779
-890032871
-912814943
-930871220
-937521204
-941867380
-954227011
-964632455
-967077539
-975828939
-976016443
-979106379
-996554680
-1007496479
-1008688623
-1011574052
-1014273539
-1016848324
-1018718571
-1019215031
-1030705032
-1040930248
-1041244847
-1043658971
-1047634431
-1064940171
-1066461896
-1069759951
